MFEM mesh v1.0

#
# MFEM Geometry Types (see mesh/geom.hpp):
#
# POINT       = 0
# SEGMENT     = 1
# TRIANGLE    = 2
# SQUARE      = 3
# TETRAHEDRON = 4
# CUBE        = 5
# PRISM       = 6
# PYRAMID     = 7
#

dimension
2

elements
36
1 2 0 1 2
1 2 3 4 0
1 2 5 6 7
1 2 8 9 10
1 2 11 12 13
1 2 14 15 16
1 2 17 18 19
1 2 20 21 22
1 2 23 24 25
1 2 26 27 3
1 2 28 29 30
1 2 22 31 32
1 2 33 34 17
1 2 35 36 23
1 2 37 38 39
1 2 40 41 42
1 2 16 43 44
1 2 13 45 46
1 2 10 47 48
1 2 39 49 50
1 2 30 51 35
1 2 7 52 53
1 2 32 54 28
1 2 55 56 33
1 2 42 57 58
1 2 44 59 26
1 2 60 61 40
1 2 46 62 63
1 2 25 64 5
1 2 48 65 20
1 2 19 66 8
1 2 63 67 37
1 2 58 68 11
1 2 53 69 14
1 2 2 70 60
1 2 50 71 55

boundary
108
9 1 0 1
9 1 1 2
201 1 2 0
9 1 3 4
9 1 4 0
201 1 0 3
9 1 5 6
9 1 6 7
201 1 7 5
9 1 8 9
9 1 9 10
201 1 10 8
9 1 11 12
9 1 12 13
201 1 13 11
9 1 14 15
9 1 15 16
201 1 16 14
9 1 17 18
9 1 18 19
201 1 19 17
9 1 20 21
9 1 21 22
201 1 22 20
9 1 23 24
9 1 24 25
201 1 25 23
9 1 26 27
9 1 27 3
201 1 3 26
9 1 28 29
9 1 29 30
201 1 30 28
9 1 22 31
9 1 31 32
201 1 32 22
9 1 33 34
9 1 34 17
201 1 17 33
9 1 35 36
9 1 36 23
201 1 23 35
9 1 37 38
9 1 38 39
201 1 39 37
9 1 40 41
9 1 41 42
201 1 42 40
9 1 16 43
9 1 43 44
201 1 44 16
9 1 13 45
9 1 45 46
201 1 46 13
9 1 10 47
9 1 47 48
201 1 48 10
9 1 39 49
9 1 49 50
201 1 50 39
9 1 30 51
9 1 51 35
201 1 35 30
9 1 7 52
9 1 52 53
201 1 53 7
9 1 32 54
9 1 54 28
201 1 28 32
9 1 55 56
9 1 56 33
201 1 33 55
9 1 42 57
9 1 57 58
201 1 58 42
9 1 44 59
9 1 59 26
201 1 26 44
9 1 60 61
9 1 61 40
201 1 40 60
9 1 46 62
9 1 62 63
201 1 63 46
9 1 25 64
9 1 64 5
201 1 5 25
9 1 48 65
9 1 65 20
201 1 20 48
9 1 19 66
9 1 66 8
201 1 8 19
9 1 63 67
9 1 67 37
201 1 37 63
9 1 58 68
9 1 68 11
201 1 11 58
9 1 53 69
9 1 69 14
201 1 14 53
9 1 2 70
9 1 70 60
201 1 60 2
9 1 50 71
9 1 71 55
201 1 55 50

vertices
72

nodes
FiniteElementSpace
FiniteElementCollection: H1_2D_P3
VDim: 2
Ordering: 1

3 0
3.436272139159254 0.3590817351019469
2.954423259036624 0.52094453300079
2.954423259036624 -0.5209445330007908
3.423517178574087 -0.354514444159425
0.5209445330007916 -2.954423259036624
0.9637863930600635 -3.319069652360366
1.026060429977007 -2.819077862357725
-2.954423259036624 0.5209445330007938
-3.43567999017187 0.2148613069282989
-3 0
1.500000000000004 2.598076211353314
1.456394868881999 3.020335379576204
1.026060429977011 2.819077862357724
1.928362829059621 -2.298133329356931
2.343367370430431 -2.399632565641208
2.298133329356937 -1.928362829059614
-2.598076211353314 1.500000000000004
-3.052971652207004 1.388192852490665
-2.819077862357724 1.026060429977008
-2.819077862357725 -1.026060429977008
-3.053980032332845 -1.391769713611943
-2.598076211353315 -1.500000000000002
-0.5209445330007907 -2.954423259036624
-0.269046238605943 -3.347703424853772
0 -3
2.819077862357726 -1.026060429977004
3.298738523857448 -0.8860367824296146
-1.928362829059615 -2.298133329356936
-1.929949684127768 -2.747499261944332
-1.499999999999997 -2.598076211353318
-2.854882989886903 -1.930895444612242
-2.298133329356932 -1.92836282905962
-2.298133329356932 1.928362829059621
-2.854665221968228 1.930584439793243
-1.026060429977005 -2.819077862357726
-0.8282163785117346 -3.347528767532454
-0.5209445330007899 2.954423259036624
-0.8275991792539531 3.343523479168561
-1.026060429977004 2.819077862357726
2.598076211353317 1.499999999999998
2.793687275126173 2.011744851646265
2.298133329356938 1.928362829059614
2.786188550837968 -2.029244950319286
2.598076211353317 -1.499999999999998
0.9417141934853751 3.313904088202761
0.5209445330007936 2.954423259036624
-3.342034705794301 -0.3341679461870937
-2.954423259036624 -0.5209445330007918
-1.506159128406918 3.099558159319959
-1.499999999999998 2.598076211353317
-1.507988378923815 -3.102170599799517
1.46080930879694 -3.021368492407724
1.500000000000002 -2.598076211353315
-2.406675924195968 -2.471236597170102
-1.928362829059616 2.298133329356936
-2.404846673679068 2.468624156690543
2.34486711528807 2.396132545906605
1.928362829059623 2.29813332935693
3.141502846993666 -1.425565749697137
2.819077862357726 1.026060429977005
3.138295410496643 1.424706319677988
0.275428513842396 3.435665212486938
0 3
0.2768993719414571 -3.445890020937622
-3.329017892044477 -0.9082883340854793
-3.324193759333939 0.8907150332981101
-0.269216970374206 3.344857405490855
1.973939570022998 2.819077862357721
1.973939570022997 -2.819077862357724
3.299080226421054 0.8855777191075348
-1.929217983921013 2.746454285752505
3.120582653594693 0.09924775063432069
3.315689485564559 0.2598339844676261
3.303092384181574 0.403819512138356
3.087603014014302 0.4762067559643806
2.996510585558442 0.1446630611233006
2.976107333580888 0.3778732983731818
3.084077629613597 -0.4749443877951698
3.293862807997114 -0.4005145893650456
3.117057269193983 -0.09798538246510999
3.306459909380101 -0.2565290616943153
2.996510585558443 -0.1446630611233028
2.976107333580887 -0.377873298373184
0.6433430127929296 -3.055209043376293
0.8413879132679261 -3.218283868020697
0.9809985135405733 -3.180875320422814
1.008848309496496 -2.957272194295273
0.6628039067105969 -2.925866379701325
0.8889281689117154 -2.865276566255452
-3.087439348059472 0.4363452099915995
-3.302663901149022 0.299460629937493
-3.315261002532008 0.1554751022667619
-3.120418987639858 0.05938620466153771
-2.976107333580887 0.377873298373186
-2.996510585558443 0.144663061123303
1.487947838175766 2.714785775037869
1.468447030706237 2.90362581589165
1.337453355274584 2.964709169915299
1.145001943584426 2.874704072018626
1.372973406857224 2.667385820364244
1.160805790987453 2.766321204456808
2.0430672631974 -2.326187028299473
2.228662936292652 -2.371578866698667
2.330864988967419 -2.269376814023898
2.310635710819948 -2.058618580676924
2.036938210789613 -2.202472659544852
2.20247265954486 -2.036938210789606
-2.7238062189398 1.469097264465457
-2.927241644620518 1.419095588025213
-2.988324998644167 1.288101912593558
-2.883724515920558 1.126151369874115
-2.667385820364244 1.372973406857225
-2.766321204456808 1.160805790987452
-2.884003225332627 -1.127139989973428
-2.989054669357943 -1.290690153615523
-2.927971315334292 -1.421683829047175
-2.724084928351866 -1.470085884564768
-2.766321204456808 -1.160805790987451
-2.667385820364246 -1.372973406857223
-0.45132155677168 -3.063123223448244
-0.3386692148350534 -3.239003460442151
-0.1946836871643231 -3.251600561825138
-0.07436255144161999 -3.096102863028631
-0.3778732983731832 -2.976107333580887
-0.1446630611233014 -2.996510585558443
2.951652808582997 -0.9873588456406525
3.166163577632178 -0.924738366765966
3.049589657664013 -0.6218535489370864
3.203572125230056 -0.7851277664933182
2.925866379701326 -0.662803906710596
2.865276566255452 -0.8889281689117133
-1.928801425013408 -2.422335018446834
-1.929511088173974 -2.623297572854435
-1.811114514125308 -2.706199746501515
-1.618835170002457 -2.639375726796134
-1.815301542593434 -2.388447906083626
-1.623537178701219 -2.522722759240946
-2.669055859231725 -1.619096571771326
-2.783903342008491 -1.811798872840917
-2.701001168361412 -1.930195446889585
-2.452015150882422 -1.929062826782276
-2.522722759240943 -1.623537178701223
-2.388447906083624 -1.81530154259344
-2.451954961310033 1.928976867164439
-2.700843590015128 1.929970401688425
-2.668995669659333 1.619010612153487
-2.783745763662206 1.811573827639758
-2.522722759240943 1.623537178701224
-2.388447906083623 1.81530154259344
-0.9713776790464004 -2.965138100270891
-0.8828991294423387 -3.201468529619289
-0.6058723823428338 -3.063074949351908
-0.7432885291696907 -3.238877077217168
-0.6628039067105965 -2.925866379701326
-0.8889281689117139 -2.865276566255452
-0.6057017926635488 3.061967914875078
-0.7428419195911938 3.235978823330106
-0.8824525198638414 3.198570275732226
-0.9712070893671153 2.964031065794058
-0.6628039067105953 2.925866379701326
-0.888928168911715 2.865276566255452
2.652141779665029 1.641442798281471
2.739621706814461 1.870302053364792
2.65671953316738 1.988698627413456
2.435101071315729 1.95140905329242
2.522722759240946 1.623537178701219
2.388447906083627 1.815301542593434
2.433028474896922 -1.956245961604348
2.651293405297982 -2.001361817774549
2.734195578945062 -1.882965243725884
2.650069183246221 -1.646279706593398
2.388447906083627 -1.815301542593434
2.522722759240946 -1.623537178701219
1.00274770357535 2.955844467476326
0.9650269198870352 3.177137483084157
0.8254163196143876 3.214546030682039
0.637242406871781 3.053781316557342
0.888928168911719 2.865276566255451
0.6628039067105999 2.925866379701325
-3.09453606761513 -0.09236174873596308
-3.247498638179169 -0.2418061974511301
-3.234901536796183 -0.3857917251218607
-3.06155642803474 -0.4693207540660244
-2.996510585558442 -0.1446630611233017
-2.976107333580888 -0.377873298373184
-1.158756446632115 2.896600709803154
-1.373463111751807 3.022035311874529
-1.50445678718346 2.96095195785088
-1.501702341223455 2.736682412822394
-1.160805790987449 2.766321204456808
-1.372973406857221 2.667385820364247
-1.502207933631537 -2.737404473612229
-1.505780445292273 -2.962842337540605
-1.159262039040197 -2.897322770592985
-1.374786769860621 -3.023925691564256
-1.372973406857219 -2.667385820364248
-1.160805790987448 -2.766321204456811
1.146222064768655 -2.874989617382417
1.340647674005293 -2.965456737383032
1.471641349436946 -2.904373383359381
1.489167959359995 -2.715071320401657
1.160805790987451 -2.766321204456808
1.372973406857223 -2.667385820364246
-2.328133764725019 -2.07840944824521
-2.376675488827879 -2.32118997798451
-2.06056531710247 -2.34597789586776
-2.274473436153112 -2.423392030659277
-2.036938210789608 -2.202472659544859
-2.202472659544854 -2.036938210789612
-2.060059724694387 2.345255835077927
-2.273149778044295 2.421501650969551
-2.327628172316935 2.077687387455378
-2.375351830719063 2.319299598294784
-2.202472659544854 2.036938210789611
-2.036938210789608 2.202472659544857
2.31105023010371 2.057651199014539
2.331950214541298 2.26684417595168
2.22974816186653 2.369046228626448
2.043481782481162 2.325219646637088
2.202472659544859 2.036938210789605
2.036938210789615 2.202472659544851
2.748275639365907 -1.47942687920171
2.991303418981074 -1.446138870495423
2.908193936346666 -1.136480984610369
3.052386773004724 -1.31514519506377
2.766321204456811 -1.160805790987449
2.667385820364248 -1.37297340685722
2.907307422702242 1.136243443995268
3.050065850152126 1.314523305659724
2.747389125721481 1.479189338586608
2.988982496128477 1.445516981091377
2.667385820364248 1.372973406857219
2.76632120445681 1.160805790987447
0.4530855742619263 3.087435263607811
0.3432874725812626 3.302653207915749
0.199301944910532 3.315250309298737
0.07612656893186442 3.120414903188199
0.3778732983731857 2.976107333580887
0.1446630611233028 2.996510585558443
0.07653310411191888 -3.123240970738278
0.2003662678295382 -3.322649050199343
0.4534921094419797 -3.090261331157887
0.3443517955002686 -3.310051948816357
0.3778732983731835 -2.976107333580888
0.1446630611233013 -2.996510585558442
-3.057958669199335 -0.6280037265542836
-3.225482481881764 -0.8012291405319871
-2.960021820118316 -0.993509023257851
-3.188073934283885 -0.9408397408046348
-2.865276566255452 -0.8889281689117161
-2.925866379701325 -0.6628039067105972
-2.958688462630371 0.9886518823791278
-3.18458315906129 0.9281235808959895
-3.05662531171139 0.623146585675561
-3.22199170665917 0.7885129806233422
-2.925866379701325 0.6628039067105976
-2.865276566255451 0.8889281689117163
-0.07440974054177567 3.095316242623251
-0.1948072298324302 3.249541162867605
-0.4513687458718353 3.06233660304286
-0.3387927575031602 3.236944061484616
-0.3778732983731843 2.976107333580888
-0.1446630611233014 2.996510585558442
1.94095993044261 2.442118857027661
1.96134246864001 2.67509233468699
1.630993675431656 2.659159565376962
1.842945894591344 2.75799450833407
1.623537178701226 2.522722759240942
1.815301542593442 2.388447906083621
1.630993675431656 -2.659159565376964
1.842945894591342 -2.757994508334072
1.940959930442607 -2.442118857027661
1.961342468640009 -2.675092334686993
1.81530154259344 -2.388447906083623
1.623537178701223 -2.522722759240943
3.049684101929787 0.621726666955461
3.203819383527888 0.7847955851528635
2.951747252848768 0.9872319636590273
3.16641083593001 0.9244061854255113
2.925866379701326 0.6628039067105949
2.865276566255452 0.8889281689117128
-1.618632933039225 2.6390869024802
-1.810585050881786 2.705443594625622
-1.928599188050176 2.422046194130898
-1.928981624930451 2.622541420978541
-1.62353717870122 2.522722759240945
-1.815301542593437 2.388447906083626
3.136970562399629 0.2939316547363541
3.13271890887124 -0.2924092244221815
0.8386812344735517 -3.037390933682101
-3.136773179403834 0.2458581786784735
1.330343902533621 2.81862720706242
2.194737736251928 -2.213492801322182
-2.82950596460602 1.307609897069842
-2.829842091314634 -1.308802184110268
-0.2639198225710201 -3.107447657631135
3.030613890847796 -0.8127646975967344
-1.789984131149513 -2.553444091482759
-2.589238667463614 -1.790299384644341
-2.589166078157389 1.790195716371341
-0.7934912296241082 -3.04687730540613
-0.7932854965381813 3.045542209284832
2.568840095876706 1.817249186989012
2.56634052111397 -1.823082553213352
0.8313238346153247 3.035669078962898
-3.105558084611312 -0.2856270584314042
-1.346931989041924 2.845034800310339
-1.347541739214222 -2.845905613803526
1.331815382505266 -2.818971578006261
-2.215840587507103 -2.237360811831818
-2.215230837334804 2.236489998338631
2.195237651204475 2.212326128077315
2.859016362868242 -1.320067529471997
2.857947217369234 1.319781052798947
0.2660472476498391 3.136768253508856
0.2665375336828583 -3.140176522992419
-3.040707013576805 -0.8201818814820241
-3.039098969339958 0.8143241145529011
-0.2639767331604416 3.106498984510162
1.804647426447927 2.577303624953885
1.804647426447926 -2.577303624953887
3.030727791702331 0.8126116764893742
-1.789740231080596 2.553095766085482
