MFEM mesh v1.0

#
# MFEM Geometry Types (see mesh/geom.hpp):
#
# POINT       = 0
# SEGMENT     = 1
# TRIANGLE    = 2
# SQUARE      = 3
# TETRAHEDRON = 4
# CUBE        = 5
# PRISM       = 6
# PYRAMID     = 7
#

dimension
3

elements
84
1 4 0 1 2 3
1 4 4 2 5 6
1 4 5 7 4 8
1 4 9 1 4 2
1 4 7 10 11 12
1 4 13 4 11 7
1 4 14 15 16 1
1 4 17 18 19 20
1 4 21 22 23 3
1 4 1 24 15 3
1 4 25 26 27 28
1 4 15 29 30 16
1 4 31 21 32 33
1 4 27 34 26 35
1 4 16 36 37 38
1 4 5 7 39 17
1 4 40 41 37 36
1 4 19 5 42 17
1 4 43 44 45 46
1 4 47 48 15 21
1 4 49 48 21 32
1 4 50 51 27 52
1 4 53 2 54 3
1 4 7 55 10 56
1 4 48 29 57 15
1 4 58 59 34 46
1 4 60 32 31 61
1 4 17 7 62 55
1 4 37 29 16 63
1 4 50 27 51 28
1 4 64 29 48 65
1 4 66 61 32 67
1 4 68 61 66 69
1 4 44 70 71 20
1 4 44 72 73 20
1 4 45 44 71 46
1 4 10 59 52 74
1 4 17 71 70 20
1 4 75 31 76 61
1 4 10 52 40 77
1 4 78 34 43 46
1 4 37 79 51 28
1 4 21 31 23 80
1 4 34 27 59 81
1 4 68 26 34 82
1 4 43 72 83 44
1 4 48 66 84 65
1 4 66 48 84 32
1 4 76 61 68 85
1 4 86 87 72 20
1 4 59 55 46 88
1 4 28 26 66 89
1 4 10 55 59 90
1 4 52 59 27 91
1 4 65 92 29 28
1 4 68 34 43 82
1 4 93 54 23 3
1 4 62 71 17 55
1 4 68 43 76 94
1 4 37 51 95 40
1 4 52 51 40 96
1 4 97 19 98 20
1 4 72 86 99 100
1 4 97 54 23 101
1 4 72 99 76 100
1 4 4 36 1 38
1 4 102 86 97 20
1 4 40 36 11 12
1 4 2 54 97 103
1 4 36 16 1 38
1 4 11 36 4 104
1 4 40 11 10 12
1 4 2 97 5 103
1 4 19 5 97 103
1 4 3 21 105 15
1 4 66 106 26 68
1 4 55 107 71 46
1 4 65 89 28 66
1 4 31 108 99 23
1 4 76 109 43 72
1 4 28 37 92 29
1 4 31 99 110 76
1 4 97 101 99 86
1 4 97 99 101 23

boundary
302
201 2 1 2 3
8 2 0 3 2
8 2 0 1 3
8 2 0 2 1
8 2 2 5 6
8 2 4 6 5
8 2 4 2 6
201 2 4 5 2
8 2 7 4 8
8 2 5 8 4
8 2 5 7 8
201 2 5 4 7
201 2 1 4 2
8 2 9 2 4
8 2 9 1 2
8 2 9 4 1
8 2 7 12 11
8 2 7 10 12
201 2 7 11 10
201 2 4 11 7
8 2 13 7 11
8 2 13 4 7
8 2 13 11 4
201 2 15 16 1
8 2 14 1 16
8 2 14 15 1
8 2 14 16 15
8 2 18 19 20
201 2 17 20 19
8 2 17 18 20
8 2 17 19 18
8 2 22 23 3
201 2 21 3 23
8 2 21 22 3
8 2 21 23 22
8 2 24 15 3
201 2 1 3 15
8 2 1 24 3
8 2 1 15 24
201 2 26 27 28
8 2 25 28 27
8 2 25 26 28
8 2 25 27 26
8 2 29 30 16
8 2 15 16 30
201 2 15 29 16
8 2 15 30 29
8 2 21 32 33
8 2 31 33 32
8 2 31 21 33
201 2 31 32 21
8 2 34 26 35
8 2 27 35 26
8 2 27 34 35
201 2 27 26 34
8 2 36 37 38
8 2 16 38 37
201 2 16 37 36
8 2 7 39 17
8 2 5 17 39
201 2 5 7 17
8 2 5 39 7
8 2 41 37 36
201 2 40 36 37
8 2 40 41 36
8 2 40 37 41
8 2 5 42 17
8 2 19 17 42
201 2 19 5 17
8 2 19 42 5
8 2 43 46 45
201 2 43 44 46
8 2 43 45 44
201 2 48 15 21
8 2 47 21 15
8 2 47 48 21
8 2 47 15 48
201 2 48 21 32
8 2 49 32 21
8 2 49 48 32
8 2 49 21 48
201 2 51 27 52
8 2 50 52 27
8 2 50 51 52
201 2 2 54 3
8 2 53 3 54
8 2 53 2 3
8 2 53 54 2
8 2 55 10 56
8 2 7 56 10
8 2 7 55 56
201 2 7 10 55
8 2 29 57 15
8 2 48 15 57
201 2 48 29 15
8 2 48 57 29
201 2 59 34 46
8 2 58 46 34
8 2 58 59 46
8 2 58 34 59
201 2 32 31 61
8 2 60 61 31
8 2 60 32 61
8 2 60 31 32
8 2 7 62 55
201 2 17 7 55
8 2 17 62 7
8 2 29 16 63
8 2 37 63 16
8 2 37 29 63
201 2 37 16 29
201 2 27 51 28
8 2 50 28 51
8 2 50 27 28
201 2 29 48 65
8 2 64 65 48
8 2 64 29 65
8 2 64 48 29
8 2 61 32 67
8 2 66 67 32
8 2 66 61 67
201 2 66 32 61
8 2 61 66 69
8 2 68 69 66
8 2 68 61 69
201 2 68 66 61
201 2 44 20 71
8 2 44 70 20
8 2 44 71 70
8 2 72 73 20
8 2 44 20 73
201 2 44 72 20
8 2 44 73 72
201 2 44 71 46
8 2 45 46 71
8 2 45 71 44
8 2 59 52 74
8 2 10 74 52
8 2 10 59 74
201 2 10 52 59
8 2 17 20 70
201 2 17 71 20
8 2 17 70 71
201 2 31 76 61
8 2 75 61 76
8 2 75 31 61
8 2 75 76 31
8 2 52 40 77
8 2 10 77 40
8 2 10 52 77
201 2 10 40 52
201 2 34 43 46
8 2 78 46 43
8 2 78 34 46
8 2 78 43 34
8 2 79 51 28
201 2 37 28 51
8 2 37 79 28
8 2 37 51 79
8 2 31 23 80
8 2 21 80 23
8 2 21 31 80
201 2 21 23 31
8 2 27 59 81
8 2 34 81 59
8 2 34 27 81
201 2 34 59 27
8 2 26 34 82
8 2 68 26 82
201 2 68 34 26
8 2 72 83 44
8 2 43 44 83
201 2 43 72 44
8 2 43 83 72
8 2 66 84 65
8 2 48 65 84
201 2 48 66 65
8 2 48 84 32
8 2 66 32 84
201 2 66 48 32
8 2 61 68 85
8 2 76 85 68
8 2 76 61 85
201 2 76 68 61
8 2 87 72 20
201 2 86 20 72
8 2 86 87 20
8 2 86 72 87
8 2 55 46 88
8 2 59 88 46
8 2 59 55 88
201 2 59 46 55
8 2 26 66 89
8 2 28 26 89
201 2 28 66 26
8 2 55 59 90
8 2 10 90 59
8 2 10 55 90
201 2 10 59 55
8 2 59 27 91
8 2 52 91 27
8 2 52 59 91
201 2 52 27 59
201 2 65 28 29
8 2 65 92 28
8 2 65 29 92
8 2 34 43 82
8 2 68 82 43
201 2 68 43 34
201 2 54 23 3
8 2 93 3 23
8 2 93 54 3
8 2 93 23 54
201 2 71 17 55
8 2 62 71 55
8 2 62 17 71
8 2 43 76 94
8 2 68 94 76
8 2 68 43 94
201 2 68 76 43
8 2 51 95 40
8 2 37 40 95
201 2 37 51 40
8 2 37 95 51
8 2 51 40 96
8 2 52 96 40
8 2 52 51 96
201 2 52 40 51
8 2 19 98 20
8 2 97 20 98
201 2 97 19 20
8 2 97 98 19
8 2 86 99 100
8 2 72 86 100
201 2 72 99 86
8 2 54 23 101
8 2 97 54 101
201 2 97 23 54
8 2 99 76 100
8 2 72 100 76
201 2 72 76 99
8 2 4 38 1
8 2 4 36 38
201 2 4 1 36
201 2 86 97 20
8 2 102 20 97
8 2 102 86 20
8 2 102 97 86
8 2 36 11 12
8 2 40 36 12
201 2 40 11 36
8 2 54 97 103
8 2 2 54 103
201 2 2 97 54
8 2 16 1 38
201 2 36 1 16
8 2 36 4 104
8 2 11 104 4
8 2 11 36 104
201 2 11 4 36
8 2 40 12 10
201 2 40 10 11
8 2 2 103 5
201 2 2 5 97
8 2 19 103 97
8 2 19 5 103
201 2 19 97 5
8 2 21 105 15
8 2 3 15 105
201 2 3 21 15
8 2 3 105 21
8 2 106 26 68
201 2 66 68 26
8 2 66 106 68
8 2 66 26 106
8 2 107 71 46
201 2 55 46 71
8 2 55 107 46
8 2 55 71 107
201 2 65 66 28
8 2 65 89 66
8 2 65 28 89
8 2 108 99 23
201 2 31 23 99
8 2 31 108 23
8 2 31 99 108
8 2 109 43 72
201 2 76 72 43
8 2 76 109 72
8 2 76 43 109
8 2 37 92 29
201 2 28 37 29
8 2 28 92 37
8 2 99 110 76
8 2 31 76 110
201 2 31 99 76
8 2 31 110 99
8 2 101 99 86
201 2 97 86 99
8 2 97 101 86
8 2 99 101 23
201 2 97 99 23

vertices
111

nodes
FiniteElementSpace
FiniteElementCollection: H1_3D_P3
VDim: 3
Ordering: 1

-0.977072 -0.0860773 0.194732
-0.489369 0.0402009 -0.0943475
-0.431981 0.18167 0.174323
-0.455239 -0.126288 0.163733
-0.368843 0.324736 -0.0922042
-0.226909 0.412742 0.167798
-0.642031 0.762524 0.079703
-0.106893 0.479168 -0.0947222
-0.378158 0.925043 0.0359572
-0.930741 0.342281 -0.128703
0.0196497 0.350064 -0.356468
-0.216636 0.350202 -0.283597
-0.248663 0.448589 -0.548758
-0.540631 0.816255 -0.20358
-0.929948 -0.139569 -0.340173
-0.416811 -0.256727 -0.101782
-0.403045 -0.111996 -0.273882
0.0756628 0.471924 0.146843
0.160462 0.840374 0.51771
-0.0604237 0.384166 0.31427
0.0951057 0.235114 0.430902
-0.287161 -0.384473 0.140424
-0.77501 -0.496734 0.390658
-0.251119 -0.198384 0.384165
-0.962655 -0.265238 -0.0542582
0.666393 -0.279622 -0.691182
0.359664 -0.260027 -0.230277
0.293893 -7.19806e-17 -0.404508
0.0951057 -0.235114 -0.430902
-0.235018 -0.248485 -0.364721
-0.720602 -0.510463 -0.469213
-0.0314594 -0.425718 0.260336
-0.0286415 -0.496855 0.0481134
-0.183532 -0.949416 0.254805
0.475528 -1.16467e-16 -0.154508
0.859864 -0.271942 -0.432066
-0.335628 0.144739 -0.341181
-0.197547 -0.105307 -0.447086
-0.634696 0.0805013 -0.351541
-0.201358 0.955704 0.214674
-0.0911852 0.20832 -0.445295
-0.475565 0.0869115 -0.875377
-0.134727 0.885794 0.444092
0.475528 -1.16467e-16 0.154508
0.344095 0.262866 0.25
0.836348 0.499201 0.22654
0.415987 0.277156 -0.0118004
-0.62044 -0.784104 -0.0153596
-0.170895 -0.449008 -0.138515
-0.347451 -0.93765 -0.00953117
0.309017 -7.56848e-17 -0.951057
3.06152e-17 -7.4983e-33 -0.5
0.169969 0.174687 -0.436572
-0.892941 0.0642578 0.445563
-0.388257 0.0590996 0.309457
0.192849 0.450957 -0.0971969
0.0568881 0.966447 -0.250489
-0.487392 -0.681092 -0.54641
0.85796 0.269817 -0.437153
0.304051 0.266796 -0.293893
0.128768 -0.962001 0.240775
0.177397 -0.450431 0.125067
0.227919 0.973577 0.0141491
-0.603368 -0.402696 -0.688319
-0.220555 -0.71138 -0.667303
0.0037092 -0.405294 -0.292786
0.182154 -0.440263 -0.151619
0.270946 -0.961828 -0.0384098
0.401343 -0.293808 0.0509933
0.548749 -0.833773 -0.0608084
0.448838 0.719631 0.529789
0.26226 0.401438 0.141661
0.293893 -7.19806e-17 0.404508
0.473898 0.499201 0.72541
0.302017 0.593894 -0.745705
0.276056 -0.832985 0.479509
0.254998 -0.279534 0.326859
0.0332874 0.480958 -0.876112
0.957415 0.257176 0.131215
-0.168685 -0.36768 -0.914525
-0.304559 -0.809187 0.502454
0.752335 0.224395 -0.619387
0.952702 -0.275457 -0.128382
0.680881 0.269817 0.680881
0.0559357 -0.957859 -0.28174
0.55717 -0.702905 0.442138
3.06152e-17 -7.4983e-33 0.5
0.309017 -7.56848e-17 0.951057
0.624086 0.724921 -0.291559
0.434847 -0.743813 -0.507593
0.2396 0.793626 -0.55924
0.572414 0.407151 -0.711737
-0.0421764 -0.584873 -0.810028
-0.746073 -0.186225 0.639293
0.852876 -0.258557 0.453599
-0.275932 -0.0506566 -0.959841
0.0637026 0.257242 -0.964245
-0.220487 0.206922 0.398207
0.00416775 0.473182 0.880955
0.0153279 -0.285327 0.410309
0.214373 -0.285038 0.934237
-0.491216 0.018592 0.870839
-0.216475 0.259678 0.941119
-0.328083 0.484664 0.437485
-0.486656 0.39078 -0.388694
-0.831887 -0.554058 -0.0313668
0.729959 -0.679525 -0.0735194
0.749972 0.661467 -0.00195725
-0.402199 -0.546218 0.734766
0.69036 -0.216344 0.69036
0.382105 -0.617941 0.687128
-0.842275 -0.0511748 0.114832
-0.624167 0.00529845 -0.014448
-0.826413 -0.0120739 0.189091
-0.58264 0.107666 0.179964
-0.832841 -0.0971912 0.186164
-0.59947 -0.115174 0.172301
-0.492833 0.0825385 -0.0209086
-0.466121 0.148387 0.104149
-0.499524 -0.00605285 -0.0239551
-0.483637 -0.0835477 0.0961727
-0.456303 0.100493 0.178392
-0.467128 -0.0428509 0.173462
-0.431449 0.230241 0.104765
-0.40206 0.296833 -0.0192944
-0.343066 0.363307 -0.0211716
-0.277001 0.404271 0.0998507
-0.44435 0.445737 -0.0446902
-0.566524 0.641522 0.032189
-0.390618 0.255558 0.179561
-0.295164 0.363114 0.176524
-0.490037 0.342214 0.148171
-0.583975 0.60198 0.105855
-0.341646 0.509419 0.143449
-0.527295 0.665847 0.104052
-0.200962 0.447177 0.0987907
-0.145288 0.477991 -0.0229898
-0.268713 0.554338 0.131358
-0.336354 0.783446 0.0723971
-0.308133 0.38191 -0.096564
-0.186365 0.453698 -0.0977344
-0.181869 0.602404 -0.0586033
-0.303182 0.801806 -0.000161688
-0.371417 0.490657 -0.0567813
-0.375583 0.759122 0.000534251
-0.611362 0.123694 -0.103843
-0.808749 0.258788 -0.119207
-0.524148 0.329585 -0.102292
-0.775436 0.337432 -0.118615
-0.569835 0.226062 0.090569
-0.792887 0.297889 -0.0449486
-0.47467 0.123695 -0.0975817
-0.418569 0.256136 -0.096584
-0.0750409 0.462744 -0.174322
-0.0159915 0.4025 -0.296462
-0.140916 0.455453 -0.150878
-0.191315 0.396227 -0.237618
-0.146077 0.470716 -0.220215
-0.209479 0.45704 -0.423266
-0.0468223 0.35903 -0.344903
-0.155187 0.359093 -0.311484
-0.0545102 0.377295 -0.409616
-0.174503 0.421357 -0.495611
-0.225488 0.377396 -0.356886
-0.239811 0.421395 -0.47547
-0.416324 0.460588 -0.122988
-0.49315 0.680403 -0.172797
-0.306186 0.479016 -0.261481
-0.451081 0.687442 -0.225696
-0.226775 0.572336 -0.12481
-0.420749 0.723087 -0.173493
-0.335008 0.340135 -0.14876
-0.265224 0.351811 -0.236511
-0.78812 -0.171951 -0.274284
-0.558639 -0.224345 -0.167672
-0.784315 -0.131948 -0.321851
-0.548678 -0.119617 -0.292204
-0.611142 -0.00948633 -0.162292
-0.808175 -0.0898819 -0.272229
-0.421686 -0.221279 -0.152488
-0.4154 -0.155193 -0.231071
-0.48804 -0.0435385 -0.100249
-0.454296 -0.181627 -0.103706
-0.477727 -0.00191433 -0.147748
-0.438109 -0.0717652 -0.230145
0.0991008 0.573761 0.249348
0.137024 0.738537 0.415205
0.0389063 0.457749 0.197467
-0.023324 0.417619 0.274029
0.0859349 0.431041 0.238976
0.0951556 0.318735 0.37369
0.0994109 0.714281 0.46148
0.000627707 0.510259 0.370499
0.142398 0.673084 0.493717
0.11317 0.402404 0.454895
-0.0178725 0.351546 0.355172
0.0534218 0.283221 0.408635
-0.421999 -0.415501 0.209587
-0.640172 -0.465706 0.321495
-0.288494 -0.346609 0.216259
-0.271718 -0.259996 0.329704
-0.425461 -0.205712 0.163708
-0.347227 -0.325886 0.152858
-0.63021 -0.414272 0.388864
-0.395919 -0.280846 0.38596
-0.543622 -0.228677 0.226454
-0.686628 -0.394345 0.327938
-0.415092 -0.15218 0.233825
-0.320083 -0.185738 0.336426
-0.620182 -0.0442203 -0.0832671
-0.831842 -0.180817 -0.0653386
-0.567679 -0.259079 -0.0886467
-0.811788 -0.262885 -0.0673934
-0.595486 -0.164693 0.103482
-0.822409 -0.226833 0.00599315
-0.46145 -0.168486 0.093767
-0.443614 -0.229029 -0.0294702
0.581615 -0.274206 -0.563791
0.444442 -0.265443 -0.357668
0.563436 -0.202337 -0.611947
0.396849 -0.0772857 -0.483743
0.508493 -0.267321 -0.619242
0.253006 -0.247416 -0.502841
0.35649 -0.196425 -0.290668
0.325784 -0.0750276 -0.37201
0.300272 -0.265271 -0.29942
0.176289 -0.253596 -0.393441
0.248702 -0.0676362 -0.428611
0.156173 -0.177074 -0.440896
-0.382664 -0.265624 -0.182119
-0.297793 -0.261776 -0.304873
-0.500777 -0.326858 -0.203337
-0.636636 -0.440332 -0.367658
-0.36923 -0.320894 -0.393602
-0.58639 -0.438054 -0.440332
-0.364766 -0.153148 -0.305833
-0.287902 -0.215585 -0.347388
-0.490816 -0.22213 -0.32787
-0.632831 -0.400329 -0.415225
-0.223949 -0.409518 0.179549
-0.105654 -0.428599 0.235024
-0.0313168 -0.454616 0.205861
-0.0300304 -0.487089 0.108984
-0.0734913 -0.570464 0.258807
-0.1415 -0.804669 0.256334
-0.223776 -0.431077 0.119208
-0.103838 -0.483215 0.0763812
-0.258519 -0.540619 0.172038
-0.212175 -0.793269 0.223191
-0.0714522 -0.62194 0.105242
-0.140722 -0.824331 0.197677
0.359379 -1.42719e-16 -0.347651
0.44169 -1.90405e-16 -0.23436
0.450323 -0.0751629 -0.412125
0.703434 -0.196779 -0.424449
0.406125 -0.195093 -0.217051
0.459851 -0.0745187 -0.181917
0.581756 -0.0751629 -0.231224
0.753636 -0.196779 -0.355351
0.497916 -0.26332 -0.28605
0.721612 -0.268649 -0.376293
-0.396552 -0.0423324 -0.30172
-0.36545 0.0761094 -0.332768
-0.356766 -0.113494 -0.33153
-0.262073 -0.110411 -0.411342
-0.467072 -0.0587912 -0.295346
-0.570669 0.0272963 -0.330076
-0.30924 0.0786222 -0.385118
-0.245043 -0.0376287 -0.434355
-0.418288 0.126984 -0.344044
-0.552035 0.0982562 -0.348677
-0.318372 -0.0539507 -0.420678
-0.513871 0.0291452 -0.377949
-0.219847 0.562813 0.180754
-0.20842 0.805633 0.201718
-0.149128 0.446613 0.168618
-0.00829118 0.47416 0.158864
-0.133002 0.610879 -0.00920718
-0.175248 0.823993 0.129159
-0.0586426 0.495823 -0.0290483
0.0261912 0.492457 0.0832069
-0.000903771 0.605638 0.165591
-0.124791 0.821991 0.195926
-0.197425 0.174764 -0.564167
-0.369325 0.120468 -0.756505
-0.176113 -0.0195044 -0.467743
-0.126294 0.127397 -0.466905
-0.27649 0.167413 -0.381584
-0.163736 0.196741 -0.429609
-0.274389 -0.052179 -0.565462
-0.398723 0.0337836 -0.757
-0.374306 0.128756 -0.488829
-0.436887 0.102895 -0.727729
-0.184636 0.413219 0.212591
-0.108641 0.400175 0.27945
-0.0809606 0.522813 0.350152
-0.11419 0.747147 0.40821
-0.201431 0.54349 0.244164
-0.160206 0.755046 0.367726
0.0175125 0.586315 0.229
-0.0765767 0.771403 0.361934
0.457127 0.0756196 0.188285
0.395949 0.197975 0.232733
0.575256 0.137976 0.174417
0.73662 0.361225 0.206631
0.48046 0.080173 0.113599
0.452592 0.209896 0.0357581
0.480151 0.328187 0.243516
0.700293 0.433879 0.233024
0.375288 0.275115 0.183166
0.408439 0.281704 0.0624433
0.720163 0.437829 0.160664
0.532172 0.338527 0.0540753
-0.496189 -0.691486 -0.0493988
-0.295146 -0.541626 -0.104475
-0.473093 -0.40249 -0.0778954
-0.564158 -0.63834 -0.0392462
-0.379277 -0.494928 0.0973662
-0.528324 -0.673648 0.0276978
-0.363607 -0.322988 -0.116672
-0.248975 -0.412619 -0.133795
-0.265434 -0.41873 0.0659116
-0.211317 -0.448769 -0.0639246
-0.395884 -0.303462 -0.036201
-0.335634 -0.362827 0.0763548
-0.219694 -0.584065 -0.102864
-0.298652 -0.802592 -0.0451813
-0.303825 -0.537367 0.0989772
-0.330787 -0.784755 0.0319153
-0.116758 -0.618688 0.0321809
-0.259334 -0.815817 0.00640141
-0.0695809 -0.495169 -0.00355205
-0.134717 -0.473261 -0.0890059
0.223607 3.19119e-16 -0.826388
0.0854102 -1.56821e-16 -0.624669
0.298073 -3.72552e-17 -0.555571
0.304837 -5.09213e-17 -0.799994
0.270585 0.0482824 -0.808856
0.208401 0.126405 -0.578772
0.219581 -1.83403e-16 -0.44922
0.0863997 7.97393e-17 -0.492493
0.0482232 0.0495618 -0.495253
0.12625 0.129754 -0.466135
0.26467 0.0492176 -0.421377
0.208176 0.128853 -0.435993
-0.559387 0.149218 0.249292
-0.765535 0.0967096 0.370594
-0.75345 0.0628321 0.407944
-0.527749 0.0605253 0.347076
-0.576217 -0.0736224 0.241629
-0.771964 0.0115922 0.367667
-0.42595 0.149923 0.214725
-0.406114 0.0943176 0.27603
-0.447663 -0.0769276 0.20912
-0.416958 0.00805661 0.275921
-0.0249749 0.489569 -0.0990896
0.114249 0.476466 -0.100239
-0.0616251 0.613848 -0.137775
0.0116201 0.831766 -0.207436
0.070647 0.39545 -0.297994
0.15169 0.44266 -0.176676
0.15527 0.593435 -0.139566
0.0944666 0.823969 -0.20812
0.0299421 0.520428 -0.327176
0.0465957 0.796083 -0.279781
-0.226164 -0.316312 -0.314533
-0.196317 -0.409649 -0.209242
-0.258373 -0.513155 -0.251254
-0.399914 -0.616945 -0.43367
-0.304772 -0.368055 -0.414939
-0.417637 -0.561522 -0.496192
-0.436319 -0.374018 -0.224674
-0.467884 -0.5638 -0.423518
0.704864 0.268982 -0.397557
0.457148 0.267631 -0.333489
0.58123 0.0745756 -0.232629
0.752259 0.195242 -0.359032
0.538146 0.275127 -0.129365
0.735802 0.271846 -0.319588
0.450491 0.0775915 -0.203114
0.3698 0.203137 -0.268704
0.400189 0.285077 -0.0932984
0.348161 0.280262 -0.224414
0.47891 0.0799144 -0.120037
0.451132 0.209219 -0.0534584
0.0148656 -0.625418 0.101364
0.0852614 -0.833438 0.187525
0.0128265 -0.573943 0.254929
0.0844826 -0.813776 0.246182
0.142209 -0.820607 0.208794
0.163956 -0.591826 0.157048
0.0288983 -0.494149 0.0708344
0.122969 -0.472954 0.105969
0.0269528 -0.44384 0.228769
0.122794 -0.455181 0.166696
0.117745 0.610578 0.110167
0.185836 0.834924 0.0508247
0.111404 0.48059 0.081855
0.165437 0.470923 -0.0306689
-0.0143533 0.615819 -0.0646309
0.135379 0.836926 -0.0159422
0.202542 0.595406 -0.0664216
0.218226 0.829129 -0.0166262
-0.22729 -0.211356 -0.39202
-0.210336 -0.146575 -0.429285
-0.309713 -0.187503 -0.513761
-0.491202 -0.3205 -0.621643
-0.336828 -0.291108 -0.454162
-0.501559 -0.360073 -0.598879
-0.458413 -0.192344 -0.388429
-0.548001 -0.322349 -0.573771
0.154229 -0.17013 -0.574669
0.249893 -0.0649839 -0.807289
0.0708136 -0.175061 -0.463042
0.0270484 -0.0668673 -0.494839
-0.231021 -0.376426 -0.448353
-0.224553 -0.583439 -0.583671
-0.184621 -0.521526 -0.284668
-0.20683 -0.638863 -0.521149
-0.15857 -0.62678 -0.563789
-0.058276 -0.489894 -0.3963
-0.175264 -0.302579 -0.357545
-0.064568 -0.37529 -0.324189
-0.1255 -0.447131 -0.185385
-0.0455909 -0.427125 -0.255989
0.184491 -0.462095 0.0501644
0.186687 -0.4574 -0.0775746
0.0307229 -0.499113 -0.00735504
0.1285 -0.472863 -0.100001
0.206696 -0.58442 -0.120329
0.246404 -0.817671 -0.0697
0.203253 -0.591778 0.0798834
0.245089 -0.820481 0.00677421
0.0541624 -0.62537 0.024199
0.188142 -0.833313 -0.0144953
0.247404 -0.42094 0.108139
0.35095 -0.348522 0.0738889
0.254332 -0.418881 -0.100186
0.357039 -0.350256 -0.00524657
0.442085 -0.443051 0.0200921
0.508007 -0.68453 -0.0299072
0.280036 -0.556384 0.0736926
0.44611 -0.72782 -0.00943362
0.283479 -0.549026 -0.12652
0.447425 -0.725009 -0.0859079
0.373046 0.389112 0.327332
0.419888 0.593384 0.452457
0.326441 0.305817 0.223454
0.289278 0.368745 0.174255
0.170615 0.252693 0.396448
0.286512 0.265611 0.312244
0.397269 0.631684 0.422513
0.313829 0.489384 0.248937
0.192875 0.369031 0.458233
0.351069 0.585714 0.502457
0.149993 0.298365 0.372533
0.229342 0.37732 0.235228
0.343697 0.197975 0.304652
0.32033 0.0756196 0.37657
0.379972 0.328187 0.3814
0.438022 0.433879 0.59401
0.343645 0.137976 0.493203
0.424146 0.361225 0.636715
0.156173 0.177074 0.440896
0.248702 0.0676362 0.428611
0.199801 0.308106 0.512302
0.369202 0.426209 0.64401
0.677674 0.47218 0.20308
0.420934 0.428459 0.165121
0.383264 0.319652 0.0314157
0.312718 0.376686 0.10184
0.102098 0.339837 -0.352435
0.23426 0.301143 -0.323356
0.0627211 0.309102 -0.388037
0.13162 0.228718 -0.424753
0.0976941 0.417457 -0.46405
0.223973 0.526501 -0.638122
0.211031 0.204015 -0.404814
0.272154 0.246004 -0.339772
0.303489 0.357204 -0.41877
0.302579 0.503486 -0.620827
0.206466 0.290553 -0.522014
0.26552 0.478028 -0.660262
0.129319 0.459845 0.14779
0.214133 0.427806 0.145434
0.178806 0.540389 0.252686
0.345695 0.651166 0.423945
0.0535357 -0.538284 0.320914
0.191061 -0.720419 0.418931
0.270235 -0.680015 0.437317
0.260818 -0.432504 0.36905
0.204666 -0.556167 0.223033
0.248787 -0.72725 0.381544
0.049935 -0.403236 0.291687
0.184002 -0.33482 0.32282
0.20521 -0.416103 0.18663
0.241026 -0.337229 0.279762
-0.0111661 0.316033 -0.387326
-0.0615534 0.251594 -0.427708
0.023419 0.386242 -0.500094
0.029518 0.44478 -0.732486
-0.0195572 0.20482 -0.45578
0.100635 0.189341 -0.451765
0.132191 0.259339 -0.558057
0.0710654 0.396307 -0.754626
-0.0567818 0.283675 -0.56437
-0.00111598 0.405603 -0.757037
0.608718 0.0710818 -0.0755365
0.824225 0.186095 0.052243
0.608718 0.0710818 0.14807
0.824225 0.186095 0.137653
0.565634 0.271634 0.0277281
0.807768 0.262699 0.0916865
0.495088 -5.14443e-16 -0.0700177
0.495088 2.78735e-17 0.0700177
-0.18957 -0.177825 -0.576283
-0.176663 -0.295162 -0.785328
-0.146083 -0.0778727 -0.471842
-0.0557987 -0.0297447 -0.496025
0.0148463 -0.208033 -0.454597
-0.12181 -0.147418 -0.462155
-0.0466235 -0.101624 -0.614572
-0.122062 -0.266056 -0.799953
0.0221956 -0.271754 -0.564572
-0.0957754 -0.33104 -0.780855
-0.29197 -0.501861 0.240486
-0.29975 -0.691799 0.402391
-0.199923 -0.274274 0.36743
-0.0967787 -0.381022 0.309284
-0.106942 -0.531706 0.327256
-0.229076 -0.703199 0.435534
-0.26589 -0.367206 0.41686
-0.289789 -0.640365 0.46976
0.552036 0.0620211 -0.282998
0.675827 0.162373 -0.490897
0.307201 0.0763503 -0.387169
0.311905 0.199888 -0.335949
0.420603 0.0620211 -0.463899
0.625624 0.162373 -0.559996
0.427954 0.255076 -0.383857
0.628432 0.236114 -0.529422
0.384066 -0.278712 -0.15783
0.403352 -0.294344 -0.0276763
0.481846 -0.0859935 -0.103469
0.446714 -0.225134 -0.00614825
0.553735 -0.288736 0.00141516
0.80031 -0.280529 -0.0788039
0.523576 -0.264292 -0.202114
0.788791 -0.271192 -0.156545
0.607416 -0.0761344 -0.147287
0.820815 -0.199323 -0.135603
0.44169 -5.06499e-17 0.23436
0.359379 -3.78549e-17 0.347651
0.532286 0.0745756 0.299994
0.624123 0.195242 0.535395
0.400854 0.0745756 0.480896
0.57392 0.195242 0.604494
0.437181 0.264787 0.369093
0.587796 0.267896 0.561789
-0.0773135 -0.470949 -0.149889
0.0891868 -0.466825 -0.156069
-0.108201 -0.589651 -0.178101
-0.00675883 -0.817216 -0.242153
0.147268 -0.583323 -0.187584
0.0908217 -0.814799 -0.245775
0.0541957 -0.424078 -0.259345
0.135753 -0.440061 -0.194826
0.0181443 -0.558019 -0.289733
0.0415007 -0.805134 -0.284793
-0.00526491 -0.624273 -0.0430557
0.0325592 -0.830441 -0.190571
0.375992 -0.301989 0.132564
0.307807 -0.295339 0.261096
0.338516 -0.396551 0.358721
0.473652 -0.585888 0.410275
0.282364 -0.520213 0.212703
0.452203 -0.633123 0.354502
0.444413 -0.40688 0.159103
0.5141 -0.589834 0.334028
0.0854102 5.32644e-18 0.624669
0.223607 -1.43538e-16 0.826388
0.219581 4.19801e-17 0.44922
0.0863997 4.25449e-17 0.492493
0.0708136 0.175061 0.463042
0.0270484 0.0668673 0.494839
0.298073 4.15254e-17 0.555571
0.304837 -2.19808e-16 0.799994
0.154229 0.17013 0.574669
0.249893 0.0649839 0.807289
0.231643 0.414475 -0.157025
0.283167 0.329148 -0.248161
0.392507 0.393418 -0.293248
0.535631 0.598298 -0.292204
0.367454 0.337254 -0.0367165
0.263963 0.417863 -0.0763234
0.31204 0.526679 -0.150917
0.504895 0.649199 -0.237839
0.473504 0.400915 -0.0891238
0.566569 0.601161 -0.214236
0.125823 -0.308119 -0.373471
0.166927 -0.40499 -0.241594
0.189008 -0.375715 -0.452099
0.340945 -0.603212 -0.486396
0.319751 -0.318971 -0.21468
0.238028 -0.401949 -0.178467
0.380444 -0.393742 -0.306926
0.414067 -0.610098 -0.430945
0.251997 -0.524162 -0.250008
0.365004 -0.659914 -0.409205
0.0804424 0.472661 -0.412513
0.178807 0.671029 -0.503195
0.20577 0.545668 -0.224902
0.226678 0.698915 -0.431534
0.286237 0.412408 -0.367233
0.257414 0.648014 -0.4859
0.281202 0.238939 -0.512625
0.461181 0.3429 -0.635683
0.378225 0.305589 -0.409382
0.49824 0.368358 -0.596248
0.370874 0.112534 -0.489424
0.495433 0.294617 -0.626821
-0.00897326 -0.454928 -0.435748
-0.0294939 -0.535238 -0.667066
0.0714815 -0.288764 -0.401933
0.0296497 -0.366655 -0.338718
-0.181718 -0.34146 -0.487801
-0.0954765 -0.491897 -0.686948
0.0571618 -0.331785 -0.53569
-0.00423257 -0.488202 -0.70524
0.00405161 -0.250552 -0.432898
-0.150844 -0.256826 -0.401846
0.475069 -0.084784 0.131444
0.440431 -0.221967 0.0831109
0.607416 -0.0761344 0.0763195
0.820815 -0.199323 -0.0501931
-0.487155 -0.00870642 0.400621
-0.647175 -0.118419 0.548129
-0.387921 -0.195023 0.454681
-0.609271 -0.189586 0.568778
-0.535624 -0.142854 0.295175
-0.665688 -0.169659 0.507852
-0.300187 -0.132131 0.377558
-0.363886 -0.0125332 0.342856
0.237411 0.815442 0.0493924
0.252768 0.559573 0.106417
0.217734 0.449027 -0.0320166
0.249611 0.426286 0.0776758
0.526144 -0.284065 0.162271
0.728075 -0.2683 0.342321
0.443588 -0.0826683 0.216291
0.338062 -0.216428 0.298763
0.579824 -0.0714633 0.237175
0.748579 -0.187093 0.370932
0.420248 -0.273736 0.361889
0.687626 -0.264355 0.418569
-0.219212 -0.0902018 -0.588808
-0.254267 -0.0657616 -0.818119
-0.0762657 -0.0140011 -0.627097
-0.199666 -0.0366555 -0.832744
-0.0674809 0.154166 -0.470873
-0.0257754 0.0588861 -0.495893
-0.142248 0.136741 -0.587512
-0.224869 0.0209228 -0.817624
0.140598 0.197505 -0.582417
0.093074 0.234424 -0.8184
0.017607 0.0710998 -0.628314
0.0460956 0.186142 -0.835931
-0.0483753 0.221842 -0.58873
0.0208927 0.24372 -0.820811
-0.107467 0.344154 0.346508
-0.180967 0.262765 0.385051
-0.158394 0.280514 0.531635
-0.0579252 0.399589 0.747527
0.00822123 0.237223 0.440239
-0.139063 0.224066 0.424981
-0.042571 0.408769 0.470898
-0.0136849 0.448579 0.724327
0.069971 0.300914 0.555293
0.0293024 0.407382 0.756563
0.232358 -0.084483 0.435055
0.0989011 -0.221179 0.437834
0.271914 -0.0787824 0.550922
0.236352 -0.206255 0.787823
0.00439827 -0.081873 0.493351
0.0115148 -0.214346 0.451709
0.0592512 -0.0787824 0.62002
0.155122 -0.206255 0.814216
0.0703426 -0.285247 0.555119
0.159358 -0.285118 0.789427
-0.35012 0.102364 0.34203
-0.273284 0.170064 0.382677
-0.260727 -0.0927928 0.41695
-0.246007 0.101967 0.423698
-0.295314 0.154869 0.528839
-0.416388 0.0706451 0.740207
-0.416714 0.0479036 0.464619
-0.462759 0.029788 0.715677
-0.31748 -0.138413 0.518679
-0.424855 -0.0413787 0.736326
0.293439 -0.0800708 0.396975
0.275412 -0.209628 0.360987
0.19384 -0.288709 0.35935
0.0837686 -0.291369 0.397676
0.24377 -0.281055 0.494734
0.225601 -0.283516 0.766361
-0.374342 0.286209 -0.167592
-0.358881 0.202427 -0.283482
-0.442323 0.257231 -0.163883
-0.561216 0.148006 -0.279862
-0.465115 0.0719146 -0.169206
-0.393554 0.120574 -0.284098
-0.529537 0.0513396 -0.165434
-0.594528 0.0693625 -0.280454
-0.0598323 0.0717732 0.621922
-0.156643 0.187905 0.819197
-0.219378 0.221503 0.548264
-0.217584 0.245097 0.791062
0.00898683 0.241903 0.571922
-0.130356 0.252889 0.800099
-0.0636045 0.0596915 0.492489
-0.166519 0.156274 0.444976
-0.186671 0.319036 -0.336786
-0.129116 0.253942 -0.410971
-0.205137 0.38218 -0.520162
-0.134711 0.274729 -0.473892
-0.25573 0.300711 -0.306962
-0.310268 0.20654 -0.333355
-0.2727 0.364607 -0.491385
-0.311591 0.228721 -0.398554
-0.38877 0.196349 0.245844
-0.290327 0.208103 0.350054
-0.403264 0.265415 0.24706
-0.3568 0.400918 0.364749
-0.371625 0.176723 0.344843
-0.344715 0.367041 0.402099
-0.250225 0.283688 0.409063
-0.298344 0.407898 0.426629
-0.291267 0.361418 -0.312645
-0.412024 0.379565 -0.359646
-0.377371 0.212743 -0.354313
-0.444913 0.322776 -0.375562
-0.401406 0.34299 -0.174152
-0.454094 0.372526 -0.306746
-0.234323 0.370379 0.240929
-0.231333 0.274576 0.348177
-0.254873 0.432621 0.242338
-0.300119 0.464785 0.362946
-0.134403 0.411943 0.348326
-0.254104 0.456887 0.403429
-0.559342 -0.244521 0.109809
-0.727784 -0.435825 0.0225575
-0.43772 -0.431345 0.0929419
-0.681328 -0.507186 0.0161149
-0.531535 -0.338907 -0.0823196
-0.717163 -0.471878 -0.0508291
0.333564 -0.506393 -0.130033
0.57855 -0.613394 -0.0951056
0.462011 -0.375973 -0.18695
0.627612 -0.563579 -0.116846
0.492171 -0.400418 0.0165788
0.639132 -0.572915 -0.0391049
0.346834 0.50914 -0.0708733
0.595987 0.603283 -0.0282808
0.39706 0.473308 0.101966
0.615172 0.589596 0.0377377
0.508298 0.383377 -0.0090798
0.657661 0.555246 -0.00467782
0.122873 -0.498858 -0.352157
0.315683 -0.650248 -0.448222
-0.133929 -0.459023 0.391465
-0.299729 -0.512913 0.603637
-0.0188667 -0.393995 0.30731
0.0024401 -0.330062 0.375607
-0.100074 -0.357436 0.499987
-0.286797 -0.47411 0.645089
-0.292877 -0.294523 0.481069
-0.360442 -0.450079 0.637863
-0.183416 -0.22986 0.404493
-0.0602682 -0.270043 0.416576
0.375329 -0.262069 0.427328
0.570029 -0.23381 0.589891
0.534906 -0.0597961 0.302614
0.630982 -0.156548 0.542255
0.403474 -0.0597961 0.483516
0.580779 -0.156548 0.611353
-0.154604 -0.237856 -0.547401
-0.0851197 -0.452324 -0.709713
0.0828469 -0.478847 0.378298
0.267798 -0.564812 0.569165
0.116703 -0.377259 0.48682
0.28073 -0.526009 0.610617
0.29013 -0.373068 0.426435
0.346973 -0.524408 0.587552
-0.178565 0.0814796 0.461682
-0.0573142 -0.171625 0.467904
-0.124677 -0.201326 0.537596
-0.351211 -0.0654092 0.743552
-0.135769 0.00513869 0.602497
-0.355447 0.0134533 0.768342
-0.491197 0.0341059 0.0869608
-0.634842 -0.00939473 0.182706
-0.654839 -0.0586894 0.0890879
-0.646735 0.0486182 0.0927781
-0.443601 0.461297 0.14578
-0.4216 0.511149 0.0529083
-0.493057 0.430631 0.0551821
-0.366718 0.327972 0.089176
-0.29158 0.588058 -0.0530534
-0.333642 0.565321 0.0383264
-0.24193 0.617969 0.0373536
-0.250204 0.432841 -0.00682962
-0.460369 0.195041 -0.00436334
-0.589294 0.290551 -0.0142866
-0.631291 0.191404 -0.0150335
-0.609291 0.241256 -0.107905
-0.15041 0.389565 -0.40232
-0.193954 0.434249 -0.312795
-0.113372 0.439278 -0.340573
-0.106136 0.414932 -0.258004
-0.242816 0.404984 -0.164403
-0.291277 0.556805 -0.197736
-0.345738 0.551795 -0.132899
-0.380834 0.503364 -0.196635
-0.458311 -0.114638 -0.163734
-0.616128 -0.0711527 -0.239713
-0.625434 -0.121898 -0.181666
-0.58965 -0.172301 -0.241536
0.0653693 0.492287 0.427863
0.040353 0.385748 0.315547
0.114233 0.531633 0.378085
0.0586942 0.572628 0.33012
-0.504463 -0.278708 0.321131
-0.354491 -0.253022 0.245593
-0.517021 -0.343549 0.236201
-0.445886 -0.368659 0.312999
-0.623796 -0.221455 0.00343303
-0.484775 -0.121898 -0.0115665
-0.650033 -0.11841 0.00609134
-0.636336 -0.163788 -0.0863608
0.268725 -0.178032 -0.382219
0.357677 -0.175133 -0.521492
0.381792 -0.267042 -0.462521
0.450619 -0.184115 -0.452319
-0.458298 -0.293371 -0.374686
-0.519868 -0.295932 -0.28455
-0.368704 -0.216755 -0.258988
-0.46808 -0.346776 -0.319494
-0.17082 -0.622457 0.150392
-0.0816727 -0.631082 0.19012
-0.171452 -0.596879 0.223638
-0.122812 -0.458428 0.157356
0.57642 -0.180873 -0.277537
0.515109 -0.181555 -0.365948
0.554816 -0.0906473 -0.338877
0.402463 -0.0926935 -0.281835
-0.397108 0.0405561 -0.391494
-0.418521 -0.0480458 -0.365615
-0.46643 0.0381311 -0.329396
-0.329939 -0.0252623 -0.374836
-0.0779816 0.649372 0.0896863
-0.119821 0.62683 0.181194
-0.0917217 0.485223 0.0783962
-0.182997 0.628189 0.0969259
-0.344064 0.0426928 -0.566106
-0.22188 0.0874664 -0.439453
-0.305761 0.150766 -0.563105
-0.259831 0.0651154 -0.604907
-0.0976108 0.603526 0.257667
-0.0397022 0.587768 0.305581
-0.0738939 0.443421 0.2189
-0.142888 0.567007 0.312413
0.5409 0.352629 0.157657
0.591339 0.263568 0.125545
0.440278 0.191452 0.139648
0.56438 0.257996 0.216464
-0.31207 -0.389013 -0.0357934
-0.451673 -0.484393 0.00832071
-0.366423 -0.551794 -0.00445466
-0.411929 -0.507677 -0.0889858
-0.172479 -0.468955 0.0182185
-0.225459 -0.618535 0.0622804
-0.184093 -0.636196 -0.0341096
-0.275427 -0.602976 -0.00251184
0.161756 0.060325 -0.46925
0.260954 0.0594823 -0.603412
0.16133 0.0599435 -0.638401
0.205447 -5.42509e-17 -0.632301
-0.444837 0.0391376 0.224918
-0.586637 -0.00160005 0.31064
-0.606799 0.0407169 0.266317
-0.57544 0.102961 0.312364
0.0934396 0.602893 -0.242498
-0.0115218 0.611898 -0.24115
0.0488436 0.645491 -0.150214
0.037927 0.45811 -0.196715
-0.390343 -0.403653 -0.345226
-0.36758 -0.473339 -0.266003
-0.294461 -0.341255 -0.216421
-0.303904 -0.470072 -0.357489
0.429583 0.194856 -0.165801
0.597428 0.18676 -0.203816
0.536485 0.279178 -0.252067
0.560925 0.184031 -0.303857
0.0407367 -0.475154 0.150232
0.0929797 -0.621188 0.212452
0.0936605 -0.643768 0.139327
0.0224276 -0.635277 0.185444
0.105854 0.647867 -0.062001
0.168562 0.642757 0.0218354
0.0567606 0.496505 -0.016167
0.0651107 0.65533 0.0228447
-0.41922 -0.257449 -0.447721
-0.408078 -0.209112 -0.477875
-0.347185 -0.253696 -0.50356
-0.289391 -0.160529 -0.374812
0.138598 -0.0829845 -0.473185
0.135728 -0.080895 -0.637312
0.238552 -0.0819254 -0.608117
-0.1425 -0.388169 -0.281102
-0.130693 -0.529285 -0.369932
-0.153778 -0.463975 -0.450576
-0.214959 -0.480168 -0.397787
0.141053 -0.643711 0.0462655
0.143601 -0.645892 -0.0487311
0.214472 -0.628174 -0.0219718
0.116166 -0.486272 0.00668659
0.307073 -0.585489 -0.029438
0.387739 -0.535602 -0.0555917
0.383094 -0.535346 0.0406273
0.270685 -0.420314 0.00811378
0.276871 0.466555 0.380487
0.247444 0.319658 0.294262
0.302652 0.413398 0.413856
0.355199 0.465111 0.30939
0.293512 0.248326 0.532902
0.311006 0.339921 0.479063
0.261584 0.17769 0.387298
0.380273 0.257996 0.469867
0.355253 0.326442 0.131266
0.511434 0.39917 0.120058
0.484369 0.391634 0.208307
0.262073 0.348287 -0.497287
0.165628 0.377722 -0.52023
0.21326 0.412518 -0.474774
0.172024 0.276978 -0.379066
0.210358 0.491385 0.382112
0.155051 0.396665 0.261946
0.264301 0.53629 0.274512
0.14167 -0.4077 0.252409
0.241276 -0.529638 0.315836
0.142075 -0.578183 0.29203
0.170382 -0.524895 0.365683
0.0382069 0.292119 -0.595503
-0.0131879 0.34987 -0.564207
0.0760512 0.340077 -0.563699
0.0345625 0.253749 -0.429438
0.489963 0.0995995 -0.00405123
0.631694 0.182893 0.0937703
0.630579 0.182547 -0.0143598
0.650646 0.0857254 0.0437383
-0.0235057 -0.203455 -0.625134
-0.0358545 -0.120563 -0.483921
-0.0920507 -0.2416 -0.611862
-0.123683 -0.158518 -0.628234
-0.200943 -0.489316 0.394249
-0.289069 -0.47281 0.350264
-0.211794 -0.550136 0.306187
-0.203413 -0.359943 0.281183
0.45793 0.167227 -0.448417
0.525716 0.16889 -0.364602
0.518973 0.0747982 -0.401317
0.384802 0.0956848 -0.304584
0.607366 -0.182044 -0.176309
0.629002 -0.19617 -0.0795591
0.581018 -0.28355 -0.10486
0.443631 -0.197739 -0.118707
0.449267 0.181534 0.455024
0.512558 0.181534 0.367911
0.39733 0.093776 0.288677
0.495155 0.0899391 0.421816
0.0821127 -0.608021 -0.245665
-0.0385298 -0.611444 -0.241411
0.00519924 -0.456368 -0.204209
0.0226258 -0.633674 -0.196485
-0.0496302 -0.642932 -0.124846
0.0719312 -0.644569 -0.129841
-0.00512171 -0.492316 -0.0871728
0.385901 -0.491723 0.208276
0.414673 -0.4343 0.279184
0.334981 -0.486278 0.303379
0.295439 -0.361969 0.178028
0.238552 0.0819254 0.608117
0.138598 0.0829845 0.473185
0.135728 0.080895 0.637312
0.205447 -4.63532e-17 0.632301
0.419337 0.494346 -0.135016
0.458527 0.430879 -0.203536
0.380295 0.490473 -0.23277
0.324063 0.352917 -0.142945
0.331467 -0.489008 -0.300663
0.243106 -0.487038 -0.375425
0.30461 -0.421772 -0.401325
0.227402 -0.335382 -0.292928
0.252133 0.513375 -0.321997
0.192455 0.479095 -0.412619
0.154343 0.545286 -0.345415
0.183696 0.381029 -0.266594
0.397957 0.228146 -0.479201
0.348753 0.195199 -0.523639
0.352206 0.286039 -0.485964
0.267221 0.153176 -0.393865
-0.0632443 -0.364964 -0.549707
-0.0493905 -0.314134 -0.38585
0.0197374 -0.413987 -0.517521
-0.0943184 -0.421806 -0.498151
0.649075 -0.091819 -0.042794
0.624165 -0.194549 0.0290595
0.488134 -0.106824 0.017706
-0.386091 -0.0944737 0.303329
-0.494817 -0.175205 0.404009
-0.53768 -0.0850943 0.375217
-0.470963 -0.110496 0.454228
0.184305 0.460123 0.0657159
0.232208 0.617146 0.0199804
0.190662 0.620939 0.102632
0.546736 -0.186609 0.324132
0.513242 -0.286183 0.283005
0.590889 -0.188915 0.223053
0.411264 -0.20728 0.194671
-0.12314 0.054307 -0.642998
-0.193286 0.0192593 -0.633062
-0.102146 0.0364929 -0.488093
-0.159432 -0.0528436 -0.643339
-0.00992796 0.15694 -0.644466
0.0483452 0.217547 -0.624881
0.0795587 0.145691 -0.642797
0.0276537 0.133536 -0.481044
0.0132711 0.36989 0.548944
-0.0424269 0.312203 0.583396
-0.0654135 0.289662 0.402265
-0.0950339 0.36062 0.538211
0.0767837 -0.194156 0.627719
0.182693 -0.197653 0.604526
0.173899 -0.0950125 0.626694
0.113366 -0.104316 0.475675
-0.386011 -0.0422234 0.53141
-0.333951 0.00927885 0.572654
-0.372083 0.097244 0.53248
-0.307707 0.0226824 0.393449
0.164264 -0.288935 0.56449
0.261814 -0.191955 0.565051
0.202134 -0.201051 0.410756
-0.499035 0.091276 -0.26894
-0.510609 0.153996 -0.182184
-0.457038 0.190422 -0.268193
-0.425989 0.181864 -0.188307
-0.0455371 0.157488 0.47236
-0.115975 0.241035 0.603451
-0.0394357 0.167454 0.633999
-0.149223 0.158883 0.627649
-0.272063 0.319069 -0.396934
-0.188445 0.341057 -0.43287
-0.230127 0.271325 -0.454232
-0.224455 0.24513 -0.373539
-0.317705 0.252601 0.388029
-0.336713 0.296959 0.345327
-0.387154 0.243097 0.309672
-0.361802 0.156693 0.307484
-0.517711 0.00220412 -0.243503
-0.432284 0.0263774 -0.249869
-0.407691 0.293848 -0.280578
-0.362842 0.361538 -0.258339
-0.351394 0.299799 -0.343579
-0.323451 0.286936 -0.251093
-0.107171 0.339081 -0.455089
-0.100162 0.314657 -0.375444
-0.265256 0.377476 0.343053
-0.338951 0.368677 0.265041
-0.313781 0.285933 0.264166
-0.205784 0.364447 0.390388
-0.20734 0.433297 0.310211
-0.178446 0.350878 0.308288
-0.522155 -0.407712 0.00298498
-0.580206 -0.317728 0.0110635
-0.412495 -0.273205 0.0721609
-0.53598 -0.362657 0.0955258
0.506771 -0.418239 -0.0865723
0.334507 -0.352892 -0.116499
0.448142 -0.484186 -0.0598287
0.429838 -0.467579 -0.155972
0.482641 0.453259 0.043892
0.305353 0.395778 0.0109307
0.461299 0.473195 -0.0384821
0.406226 0.513109 0.0146116
0.100122 -0.380401 -0.30866
0.208416 -0.536672 -0.32095
0.178745 -0.466967 -0.41671
-0.215587 -0.349307 0.519597
-0.0957767 -0.320261 0.371833
-0.23349 -0.40166 0.471687
-0.139553 -0.423907 0.473016
0.498315 -0.0721148 0.424975
0.371256 -0.101919 0.319032
0.420476 -0.169058 0.483759
0.492564 -0.172538 0.403053
-0.160121 -0.314421 -0.544129
-0.116607 -0.208672 -0.439157
-0.049881 -0.313998 -0.577029
0.220174 -0.399903 0.48212
0.205732 -0.453214 0.43489
0.0847894 -0.347585 0.349279
0.121882 -0.447815 0.457136
-0.158413 -0.0929459 0.606587
-0.0805217 -0.0301949 0.492549
-0.240803 0.0785209 0.604222
-0.243503 -0.0242861 0.604626
-0.245259 -0.161037 0.564954
-0.173539 -0.0990258 0.458343
