MFEM mesh v1.0

#
# MFEM Geometry Types (see mesh/geom.hpp):
#
# POINT       = 0
# SEGMENT     = 1
# TRIANGLE    = 2
# SQUARE      = 3
# TETRAHEDRON = 4
# CUBE        = 5
# PRISM       = 6
# PYRAMID     = 7
#

dimension
2

elements
36
1 2 0 1 2
1 2 3 4 0
1 2 5 6 7
1 2 8 9 10
1 2 11 12 13
1 2 14 15 16
1 2 17 18 19
1 2 20 21 22
1 2 23 24 25
1 2 26 27 3
1 2 28 29 30
1 2 22 31 32
1 2 33 34 17
1 2 35 36 23
1 2 37 38 39
1 2 40 41 42
1 2 16 43 44
1 2 13 45 46
1 2 10 47 48
1 2 39 49 50
1 2 30 51 35
1 2 7 52 53
1 2 32 54 28
1 2 55 56 33
1 2 42 57 58
1 2 44 59 26
1 2 60 61 40
1 2 46 62 63
1 2 25 64 5
1 2 48 65 20
1 2 19 66 8
1 2 63 67 37
1 2 58 68 11
1 2 53 69 14
1 2 2 70 60
1 2 50 71 55

boundary
108
9 1 0 1
9 1 1 2
201 1 2 0
9 1 3 4
9 1 4 0
201 1 0 3
9 1 5 6
9 1 6 7
201 1 7 5
9 1 8 9
9 1 9 10
201 1 10 8
9 1 11 12
9 1 12 13
201 1 13 11
9 1 14 15
9 1 15 16
201 1 16 14
9 1 17 18
9 1 18 19
201 1 19 17
9 1 20 21
9 1 21 22
201 1 22 20
9 1 23 24
9 1 24 25
201 1 25 23
9 1 26 27
9 1 27 3
201 1 3 26
9 1 28 29
9 1 29 30
201 1 30 28
9 1 22 31
9 1 31 32
201 1 32 22
9 1 33 34
9 1 34 17
201 1 17 33
9 1 35 36
9 1 36 23
201 1 23 35
9 1 37 38
9 1 38 39
201 1 39 37
9 1 40 41
9 1 41 42
201 1 42 40
9 1 16 43
9 1 43 44
201 1 44 16
9 1 13 45
9 1 45 46
201 1 46 13
9 1 10 47
9 1 47 48
201 1 48 10
9 1 39 49
9 1 49 50
201 1 50 39
9 1 30 51
9 1 51 35
201 1 35 30
9 1 7 52
9 1 52 53
201 1 53 7
9 1 32 54
9 1 54 28
201 1 28 32
9 1 55 56
9 1 56 33
201 1 33 55
9 1 42 57
9 1 57 58
201 1 58 42
9 1 44 59
9 1 59 26
201 1 26 44
9 1 60 61
9 1 61 40
201 1 40 60
9 1 46 62
9 1 62 63
201 1 63 46
9 1 25 64
9 1 64 5
201 1 5 25
9 1 48 65
9 1 65 20
201 1 20 48
9 1 19 66
9 1 66 8
201 1 8 19
9 1 63 67
9 1 67 37
201 1 37 63
9 1 58 68
9 1 68 11
201 1 11 58
9 1 53 69
9 1 69 14
201 1 14 53
9 1 2 70
9 1 70 60
201 1 60 2
9 1 50 71
9 1 71 55
201 1 55 50

vertices
72

nodes
FiniteElementSpace
FiniteElementCollection: H1_2D_P3
VDim: 2
Ordering: 1

3 0
3.43627 0.359082
2.95442 0.520945
2.95442 -0.520945
3.42352 -0.354514
0.520945 -2.95442
0.963786 -3.31907
1.02606 -2.81908
-2.95442 0.520945
-3.43568 0.214861
-3 0
1.5 2.59808
1.45639 3.02034
1.02606 2.81908
1.92836 -2.29813
2.34337 -2.39963
2.29813 -1.92836
-2.59808 1.5
-3.05297 1.38819
-2.81908 1.02606
-2.81908 -1.02606
-3.05398 -1.39177
-2.59808 -1.5
-0.520945 -2.95442
-0.269046 -3.3477
0 -3
2.81908 -1.02606
3.29874 -0.886037
-1.92836 -2.29813
-1.92995 -2.7475
-1.5 -2.59808
-2.85488 -1.9309
-2.29813 -1.92836
-2.29813 1.92836
-2.85467 1.93058
-1.02606 -2.81908
-0.828216 -3.34753
-0.520945 2.95442
-0.827599 3.34352
-1.02606 2.81908
2.59808 1.5
2.79369 2.01174
2.29813 1.92836
2.78619 -2.02924
2.59808 -1.5
0.941714 3.3139
0.520945 2.95442
-3.34203 -0.334168
-2.95442 -0.520945
-1.50616 3.09956
-1.5 2.59808
-1.50799 -3.10217
1.46081 -3.02137
1.5 -2.59808
-2.40668 -2.47124
-1.92836 2.29813
-2.40485 2.46862
2.34487 2.39613
1.92836 2.29813
3.1415 -1.42557
2.81908 1.02606
3.1383 1.42471
0.275429 3.43567
0 3
0.276899 -3.44589
-3.32902 -0.908288
-3.32419 0.890715
-0.269217 3.34486
1.97394 2.81908
1.97394 -2.81908
3.29908 0.885578
-1.92922 2.74645
3.12058 0.0992478
3.31569 0.259834
3.30309 0.40382
3.0876 0.476207
2.99651 0.144663
2.97611 0.377873
3.08408 -0.474944
3.29386 -0.400515
3.11706 -0.0979854
3.30646 -0.256529
2.99651 -0.144663
2.97611 -0.377873
0.643343 -3.05521
0.841388 -3.21828
0.980999 -3.18088
1.00885 -2.95727
0.662804 -2.92587
0.888928 -2.86528
-3.08744 0.436345
-3.30266 0.299461
-3.31526 0.155475
-3.12042 0.0593862
-2.97611 0.377873
-2.99651 0.144663
1.48795 2.71479
1.46845 2.90363
1.33745 2.96471
1.145 2.8747
1.37297 2.66739
1.16081 2.76632
2.04307 -2.32619
2.22866 -2.37158
2.33086 -2.26938
2.31064 -2.05862
2.03694 -2.20247
2.20247 -2.03694
-2.72381 1.4691
-2.92724 1.4191
-2.98832 1.2881
-2.88372 1.12615
-2.66739 1.37297
-2.76632 1.16081
-2.884 -1.12714
-2.98905 -1.29069
-2.92797 -1.42168
-2.72408 -1.47009
-2.76632 -1.16081
-2.66739 -1.37297
-0.451322 -3.06312
-0.338669 -3.239
-0.194684 -3.2516
-0.0743626 -3.0961
-0.377873 -2.97611
-0.144663 -2.99651
2.95165 -0.987359
3.16616 -0.924738
3.04959 -0.621854
3.20357 -0.785128
2.92587 -0.662804
2.86528 -0.888928
-1.9288 -2.42234
-1.92951 -2.6233
-1.81111 -2.7062
-1.61884 -2.63938
-1.8153 -2.38845
-1.62354 -2.52272
-2.66906 -1.6191
-2.7839 -1.8118
-2.701 -1.9302
-2.45202 -1.92906
-2.52272 -1.62354
-2.38845 -1.8153
-2.45195 1.92898
-2.70084 1.92997
-2.669 1.61901
-2.78375 1.81157
-2.52272 1.62354
-2.38845 1.8153
-0.971378 -2.96514
-0.882899 -3.20147
-0.605872 -3.06307
-0.743289 -3.23888
-0.662804 -2.92587
-0.888928 -2.86528
-0.605702 3.06197
-0.742842 3.23598
-0.882453 3.19857
-0.971207 2.96403
-0.662804 2.92587
-0.888928 2.86528
2.65214 1.64144
2.73962 1.8703
2.65672 1.9887
2.4351 1.95141
2.52272 1.62354
2.38845 1.8153
2.43303 -1.95625
2.65129 -2.00136
2.7342 -1.88297
2.65007 -1.64628
2.38845 -1.8153
2.52272 -1.62354
1.00275 2.95584
0.965027 3.17714
0.825416 3.21455
0.637242 3.05378
0.888928 2.86528
0.662804 2.92587
-3.09454 -0.0923617
-3.2475 -0.241806
-3.2349 -0.385792
-3.06156 -0.469321
-2.99651 -0.144663
-2.97611 -0.377873
-1.15876 2.8966
-1.37346 3.02204
-1.50446 2.96095
-1.5017 2.73668
-1.16081 2.76632
-1.37297 2.66739
-1.50221 -2.7374
-1.50578 -2.96284
-1.15926 -2.89732
-1.37479 -3.02393
-1.37297 -2.66739
-1.16081 -2.76632
1.14622 -2.87499
1.34065 -2.96546
1.47164 -2.90437
1.48917 -2.71507
1.16081 -2.76632
1.37297 -2.66739
-2.32813 -2.07841
-2.37668 -2.32119
-2.06057 -2.34598
-2.27447 -2.42339
-2.03694 -2.20247
-2.20247 -2.03694
-2.06006 2.34526
-2.27315 2.4215
-2.32763 2.07769
-2.37535 2.3193
-2.20247 2.03694
-2.03694 2.20247
2.31105 2.05765
2.33195 2.26684
2.22975 2.36905
2.04348 2.32522
2.20247 2.03694
2.03694 2.20247
2.74828 -1.47943
2.9913 -1.44614
2.90819 -1.13648
3.05239 -1.31515
2.76632 -1.16081
2.66739 -1.37297
2.90731 1.13624
3.05007 1.31452
2.74739 1.47919
2.98898 1.44552
2.66739 1.37297
2.76632 1.16081
0.453086 3.08744
0.343287 3.30265
0.199302 3.31525
0.0761266 3.12041
0.377873 2.97611
0.144663 2.99651
0.0765331 -3.12324
0.200366 -3.32265
0.453492 -3.09026
0.344352 -3.31005
0.377873 -2.97611
0.144663 -2.99651
-3.05796 -0.628004
-3.22548 -0.801229
-2.96002 -0.993509
-3.18807 -0.94084
-2.86528 -0.888928
-2.92587 -0.662804
-2.95869 0.988652
-3.18458 0.928124
-3.05663 0.623147
-3.22199 0.788513
-2.92587 0.662804
-2.86528 0.888928
-0.0744097 3.09532
-0.194807 3.24954
-0.451369 3.06234
-0.338793 3.23694
-0.377873 2.97611
-0.144663 2.99651
1.94096 2.44212
1.96134 2.67509
1.63099 2.65916
1.84295 2.75799
1.62354 2.52272
1.8153 2.38845
1.63099 -2.65916
1.84295 -2.75799
1.94096 -2.44212
1.96134 -2.67509
1.8153 -2.38845
1.62354 -2.52272
3.04968 0.621727
3.20382 0.784796
2.95175 0.987232
3.16641 0.924406
2.92587 0.662804
2.86528 0.888928
-1.61863 2.63909
-1.81059 2.70544
-1.9286 2.42205
-1.92898 2.62254
-1.62354 2.52272
-1.8153 2.38845
3.13697 0.293932
3.13272 -0.292409
0.838681 -3.03739
-3.13677 0.245858
1.33034 2.81863
2.19474 -2.21349
-2.82951 1.30761
-2.82984 -1.3088
-0.26392 -3.10745
3.03061 -0.812765
-1.78998 -2.55344
-2.58924 -1.7903
-2.58917 1.7902
-0.793491 -3.04688
-0.793285 3.04554
2.56884 1.81725
2.56634 -1.82308
0.831324 3.03567
-3.10556 -0.285627
-1.34693 2.84503
-1.34754 -2.84591
1.33182 -2.81897
-2.21584 -2.23736
-2.21523 2.23649
2.19524 2.21233
2.85902 -1.32007
2.85795 1.31978
0.266047 3.13677
0.266538 -3.14018
-3.04071 -0.820182
-3.0391 0.814324
-0.263977 3.1065
1.80465 2.5773
1.80465 -2.5773
3.03073 0.812612
-1.78974 2.5531
